<?xml version='1.0' encoding='utf-8'?>
<!-- FreeCAD DocumentObject -->
<Document SchemaVersion="4" FileVersion="2">
<Object name="_Element018" Extensions="True">
  <Extensions Count="1">
    <Extension type="App::LinkBaseExtensionPython" name="LinkBaseExtensionPython">
    </Extension>
  </Extensions>
  <Properties Count="19" TransientCount="1">
    <_Property name="_ElementMapVersion" type="App::PropertyString" status="234881024"/>
    <Property name="ColoredElements" type="App::PropertyLinkSubHidden" status="218103808">
      <LinkSub value="" count="0">
      </LinkSub>
    </Property>
    <Property name="Detach" type="App::PropertyBool" group=" Link" attr="0" ro="0" hide="0" doc="" status="2097152">
      <Bool value="false"/>
    </Property>
    <Property name="ExpressionEngine" type="App::PropertyExpressionEngine" status="67108864">
      <ExpressionEngine count="0"></ExpressionEngine>
    </Property>
    <Property name="FixShape" type="App::PropertyEnumeration">
      <Integer value="0"/>
    </Property>
    <Property name="InvalidShape" type="App::PropertyBool" status="67108864">
      <Bool value="false"/>
    </Property>
    <Property name="Label" type="App::PropertyString" status="134217728">
      <String value="_Element018"/>
    </Property>
    <Property name="Label2" type="App::PropertyString" status="128">
      <String value=""/>
    </Property>
    <Property name="LinkTransform" type="App::PropertyBool" group=" Link" attr="0" ro="0" hide="0" doc="" status="2097418">
      <Bool value="true"/>
    </Property>
    <Property name="LinkedObject" type="App::PropertyXLink" group=" Link" attr="0" ro="0" hide="0" doc="" status="2097412">
      <XLink file="" stamp="" name="Link003" sub="Body001.PolarPattern.Face66" shadow="Body001.PolarPattern.;#89a;:M;CUT;:H36f:7,F;:H373,F.Face66"/>
    </Property>
    <Property name="Offset" type="App::PropertyPlacement" group=" Link" attr="0" ro="0" hide="0" doc="" status="2097152">
      <PropertyPlacement Px="0" Py="0" Pz="0" Q0="0" Q1="0" Q2="0" Q3="1" A="0" Ox="0" Oy="0" Oz="1"/>
    </Property>
    <Property name="Placement" type="App::PropertyPlacement" status="8388872">
      <PropertyPlacement Px="0" Py="0" Pz="0" Q0="0" Q1="0" Q2="0" Q3="1" A="0" Ox="0" Oy="0" Oz="1"/>
    </Property>
    <Property name="Proxy" type="App::PropertyPythonObject">
      <Python  module="freecad.asm3.assembly" class="AsmElement" value="null"/>
    </Property>
    <Property name="Shape" type="Part::PropertyPartShape">
      <Part HasherIndex="0" ElementMap="1.15.70200.4" brep="1">
<![CDATA[

CASCADE Topology V1, (c) Matra-Datavision
Locations 109
1
              1               0               0               0 
              0               1               0               0 
              0               0               1               0 
1
3.21409565628983e-13              -1 -6.31638215150586e-14 -1.56805919504328e-13 
             -1 -3.21409565628991e-13 1.18719990521173e-13 -4.00000381469877 
-1.18719990521193e-13 6.31638215150204e-14              -1 49.190000000002 
1
              1               0               0               0 
              0               1               0               0 
              0               0               1               0 
1
              1               0               0               0 
              0               1               0               0 
              0               0               1               0 
2  3 1 4 1 0
1
              1               0               0               0 
              0               1               0               0 
              0               0               1               0 
1
              1               0               0               0 
              0               1               0               0 
              0               0               1            14.2 
1
              1               0               0               0 
              0               1               0               0 
              0               0               1               0 
1
              1               0               0               0 
              0               1               0               0 
              0               0               1               0 
1
              1               0               0               0 
              0               1               0               0 
              0               0               1               0 
1
              1               0               0               0 
              0               1               0               0 
              0               0               1               0 
1
              1               0               0               0 
              0               1               0               0 
              0               0               1               0 
1
              1               0               0               0 
              0               1               0               0 
              0               0               1               0 
1
              1               0               0               0 
              0               1               0               0 
              0               0               1               0 
2  6 -1 7 1 8 1 9 -1 10 1 11 -1 12 1 13 -1 14 1 0
1
              1               0               0               0 
              0               1               0               0 
              0               0               1               0 
1
              1               0               0               0 
              0               1               0               0 
              0               0               1            14.2 
2  16 1 17 1 13 -1 14 1 0
2  6 -1 7 1 8 1 9 -1 10 1 11 -1 12 1 17 -1 16 -1 0
2  4 -1 3 -1 14 -1 13 1 17 -1 16 -1 0
1
              1               0               0               0 
              0               1               0               0 
              0               0               1               0 
1
              1               0               0               0 
              0               1               0               0 
              0               0               1               0 
2  21 1 22 1 6 -1 7 1 8 1 9 -1 10 1 11 -1 12 1 13 -1 14 1 0
2  22 -1 21 -1 0
2  4 -1 3 -1 14 -1 13 1 12 -1 11 1 10 -1 9 1 8 -1 7 -1 6 1 22 -1 21 -1 0
1
              1               0               0               0 
              0               1               0               0 
              0               0               1               0 
1
0.951056516295154 0.309016994374948 -2.88739599641042e-17               0 
-0.309016994374948 0.951056516295154 3.97415964670016e-17               0 
3.97415964670016e-17 -2.88739599641043e-17               1               0 
2  16 1 17 1 13 -1 26 1 27 1 0
2  6 -1 7 1 8 1 9 -1 10 1 11 -1 12 1 13 -1 14 1 27 -1 26 -1 13 1 17 -1 16 -1 0
2  4 -1 3 -1 27 -1 26 -1 13 1 17 -1 16 -1 0
1
0.809016994374947 0.587785252292473 -4.40538990473162e-17               0 
-0.587785252292473 0.809016994374947 8.6460645078726e-17               0 
8.6460645078726e-17 -4.40538990473161e-17               1               0 
2  16 1 17 1 13 -1 26 1 31 1 0
2  6 -1 7 1 8 1 9 -1 10 1 11 -1 12 1 13 -1 14 1 31 -1 26 -1 13 1 17 -1 16 -1 0
2  4 -1 3 -1 31 -1 26 -1 13 1 17 -1 16 -1 0
1
0.587785252292473 0.809016994374948 -4.40538990473159e-17               0 
-0.809016994374948 0.587785252292473 1.35583959846305e-16               0 
1.35583959846305e-16 -4.40538990473161e-17               1               0 
2  16 1 17 1 13 -1 26 1 35 1 0
2  6 -1 7 1 8 1 9 -1 10 1 11 -1 12 1 13 -1 14 1 35 -1 26 -1 13 1 17 -1 16 -1 0
2  4 -1 3 -1 35 -1 26 -1 13 1 17 -1 16 -1 0
1
0.309016994374947 0.951056516295154 -2.88739599641043e-17               0 
-0.951056516295154 0.309016994374947 1.8230300845803e-16               0 
1.8230300845803e-16 -2.88739599641042e-17               1               0 
2  16 1 17 1 13 -1 26 1 39 1 0
2  6 -1 7 1 8 1 9 -1 10 1 11 -1 12 1 13 -1 14 1 39 -1 26 -1 13 1 17 -1 16 -1 0
2  4 -1 3 -1 39 -1 26 -1 13 1 17 -1 16 -1 0
1
-2.22044604925031e-16               1 2.46519032881565e-32               0 
             -1 -2.22044604925031e-16 2.22044604925031e-16               0 
2.22044604925031e-16 2.46519032881566e-32               1               0 
2  16 1 17 1 13 -1 26 1 43 1 0
2  6 -1 7 1 8 1 9 -1 10 1 11 -1 12 1 13 -1 14 1 43 -1 26 -1 13 1 17 -1 16 -1 0
2  4 -1 3 -1 43 -1 26 -1 13 1 17 -1 16 -1 0
1
-0.309016994374947 0.951056516295154 3.97415964670016e-17               0 
-0.951056516295154 -0.309016994374947 2.50918564889136e-16               0 
2.50918564889136e-16 3.97415964670016e-17               1               0 
2  16 1 17 1 13 -1 26 1 47 1 0
2  6 -1 7 1 8 1 9 -1 10 1 11 -1 12 1 13 -1 14 1 47 -1 26 -1 13 1 17 -1 16 -1 0
2  4 -1 3 -1 47 -1 26 -1 13 1 17 -1 16 -1 0
1
-0.587785252292473 0.809016994374947 8.64606450787256e-17               0 
-0.809016994374947 -0.587785252292473 2.66098503972347e-16               0 
2.66098503972347e-16 8.6460645078726e-17               1               0 
2  16 1 17 1 13 -1 26 1 51 1 0
2  6 -1 7 1 8 1 9 -1 10 1 11 -1 12 1 13 -1 14 1 51 -1 26 -1 13 1 17 -1 16 -1 0
2  4 -1 3 -1 51 -1 26 -1 13 1 17 -1 16 -1 0
1
-0.809016994374947 0.587785252292473 1.35583959846305e-16               0 
-0.587785252292473 -0.809016994374947 2.66098503972347e-16               0 
2.66098503972347e-16 1.35583959846305e-16               1               0 
2  16 1 17 1 13 -1 26 1 55 1 0
2  6 -1 7 1 8 1 9 -1 10 1 11 -1 12 1 13 -1 14 1 55 -1 26 -1 13 1 17 -1 16 -1 0
2  4 -1 3 -1 55 -1 26 -1 13 1 17 -1 16 -1 0
1
-0.951056516295154 0.309016994374947 1.8230300845803e-16               0 
-0.309016994374947 -0.951056516295154 2.50918564889136e-16               0 
2.50918564889136e-16 1.8230300845803e-16               1               0 
2  16 1 17 1 13 -1 26 1 59 1 0
2  6 -1 7 1 8 1 9 -1 10 1 11 -1 12 1 13 -1 14 1 59 -1 26 -1 13 1 17 -1 16 -1 0
2  4 -1 3 -1 59 -1 26 -1 13 1 17 -1 16 -1 0
1
             -1 -1.22464679914735e-16 2.22044604925031e-16               0 
1.22464679914735e-16              -1 2.22044604925031e-16               0 
2.22044604925031e-16 2.22044604925031e-16               1               0 
2  16 1 17 1 13 -1 26 1 63 1 0
2  6 -1 7 1 8 1 9 -1 10 1 11 -1 12 1 13 -1 14 1 63 -1 26 -1 13 1 17 -1 16 -1 0
2  4 -1 3 -1 63 -1 26 -1 13 1 17 -1 16 -1 0
1
-0.951056516295154 -0.309016994374948 2.50918564889136e-16               0 
0.309016994374948 -0.951056516295154 1.8230300845803e-16               0 
1.8230300845803e-16 2.50918564889136e-16               1               0 
2  16 1 17 1 13 -1 26 1 67 1 0
2  6 -1 7 1 8 1 9 -1 10 1 11 -1 12 1 13 -1 14 1 67 -1 26 -1 13 1 17 -1 16 -1 0
2  4 -1 3 -1 67 -1 26 -1 13 1 17 -1 16 -1 0
1
-0.809016994374947 -0.587785252292473 2.66098503972347e-16               0 
0.587785252292473 -0.809016994374947 1.35583959846305e-16               0 
1.35583959846305e-16 2.66098503972347e-16               1               0 
2  16 1 17 1 13 -1 26 1 71 1 0
2  6 -1 7 1 8 1 9 -1 10 1 11 -1 12 1 13 -1 14 1 71 -1 26 -1 13 1 17 -1 16 -1 0
2  4 -1 3 -1 71 -1 26 -1 13 1 17 -1 16 -1 0
1
-0.587785252292473 -0.809016994374947 2.66098503972347e-16               0 
0.809016994374947 -0.587785252292473 8.64606450787256e-17               0 
8.6460645078726e-17 2.66098503972347e-16               1               0 
2  16 1 17 1 13 -1 26 1 75 1 0
2  6 -1 7 1 8 1 9 -1 10 1 11 -1 12 1 13 -1 14 1 75 -1 26 -1 13 1 17 -1 16 -1 0
2  4 -1 3 -1 75 -1 26 -1 13 1 17 -1 16 -1 0
1
-0.309016994374947 -0.951056516295154 2.50918564889136e-16               0 
0.951056516295154 -0.309016994374947 3.97415964670016e-17               0 
3.97415964670016e-17 2.50918564889136e-16               1               0 
2  16 1 17 1 13 -1 26 1 79 1 0
2  6 -1 7 1 8 1 9 -1 10 1 11 -1 12 1 13 -1 14 1 79 -1 26 -1 13 1 17 -1 16 -1 0
2  4 -1 3 -1 79 -1 26 -1 13 1 17 -1 16 -1 0
1
1.11022302462516e-16              -1 2.22044604925031e-16               0 
              1 1.11022302462516e-16 -1.23259516440784e-32               0 
-1.23259516440783e-32 2.22044604925031e-16               1               0 
2  16 1 17 1 13 -1 26 1 83 1 0
2  6 -1 7 1 8 1 9 -1 10 1 11 -1 12 1 13 -1 14 1 83 -1 26 -1 13 1 17 -1 16 -1 0
2  4 -1 3 -1 83 -1 26 -1 13 1 17 -1 16 -1 0
1
0.309016994374947 -0.951056516295154 1.8230300845803e-16               0 
0.951056516295154 0.309016994374947 -2.88739599641043e-17               0 
-2.88739599641042e-17 1.8230300845803e-16               1               0 
2  16 1 17 1 13 -1 26 1 87 1 0
2  6 -1 7 1 8 1 9 -1 10 1 11 -1 12 1 13 -1 14 1 87 -1 26 -1 13 1 17 -1 16 -1 0
2  4 -1 3 -1 87 -1 26 -1 13 1 17 -1 16 -1 0
1
0.587785252292473 -0.809016994374947 1.35583959846305e-16               0 
0.809016994374947 0.587785252292473 -4.40538990473159e-17               0 
-4.40538990473161e-17 1.35583959846305e-16               1               0 
2  16 1 17 1 13 -1 26 1 91 1 0
2  6 -1 7 1 8 1 9 -1 10 1 11 -1 12 1 13 -1 14 1 91 -1 26 -1 13 1 17 -1 16 -1 0
2  4 -1 3 -1 91 -1 26 -1 13 1 17 -1 16 -1 0
1
0.809016994374947 -0.587785252292473 8.64606450787259e-17               0 
0.587785252292473 0.809016994374947 -4.40538990473161e-17               0 
-4.40538990473161e-17 8.64606450787259e-17               1               0 
2  16 1 17 1 13 -1 26 1 95 1 0
2  6 -1 7 1 8 1 9 -1 10 1 11 -1 12 1 13 -1 14 1 95 -1 26 -1 13 1 17 -1 16 -1 0
2  4 -1 3 -1 95 -1 26 -1 13 1 17 -1 16 -1 0
1
0.951056516295154 -0.309016994374947 3.97415964670015e-17               0 
0.309016994374947 0.951056516295154 -2.88739599641043e-17               0 
-2.88739599641042e-17 3.97415964670016e-17               1               0 
2  16 1 17 1 13 -1 26 1 99 1 0
2  6 -1 7 1 8 1 9 -1 10 1 11 -1 12 1 13 -1 14 1 99 -1 26 -1 13 1 17 -1 16 -1 0
2  4 -1 3 -1 99 -1 26 -1 13 1 17 -1 16 -1 0
1
              1               0               0               0 
              0               1               0               0 
              0               0               1            14.2 
2  103 1 12 1 13 -1 14 1 0
2  6 -1 7 1 8 1 9 -1 10 1 11 -1 103 -1 0
2  4 -1 3 -1 14 -1 13 1 12 -1 103 -1 0
2  12 1 13 -1 14 1 0
2  6 -1 7 1 8 1 9 -1 10 1 11 -1 0
2  4 -1 3 -1 14 -1 13 1 12 -1 0
Curve2ds 65
1 2.688164 -0.21626200000000018 -0.92691741196399169 0.37526538795627778 
2 1.3953470740198197e-16 -1.7905659287359673e-16 1 0 -0 1 2.4500000000000002
1 2.0485662255345982 -0.66561951571369393 0.99751422699499137 0.070465359876928757 
1 2.4897672558325308 -1.03636574399396 -0.76558746243659581 0.64333182523476484 
2 1.3953470740198197e-16 -1.7905659287359673e-16 1 0 -0 1 2.4500000000000002
1 1.7426145157136921 -1.266083555585463 0.9704673993974271 -0.24123230858820471 
1 2.0476547454356604 -1.7550227881810574 -0.52931647792439995 0.84842446110287772 
2 1.3953470740198197e-16 -1.7905659287359673e-16 1 0 -0 1 2.4500000000000002
1 1.2660835555854635 -1.7426145157136921 0.84842446110287739 -0.52931647792440029 
1 1.4051035217060279 -2.30188597389821 -0.24123230858820432 0.97046739939742721 
2 1.3953470740198197e-16 -1.7905659287359673e-16 1 0 -0 1 2.4500000000000002
1 0.66561951571369171 -2.048566225534596 0.64333182523476407 -0.76558746243659648 
1 0.62501097533991212 -2.6234245223075585 0.070465359876929715 0.99751422699499126 
2 1.3953470740198197e-16 -1.7905659287359673e-16 1 0 -0 1 2.4500000000000002
1 -3.3874715116048519e-16 -2.1539899999999967 0.37526538795627756 -0.9269174119639918 
1 -0.21626200000000048 -2.6881639999999969 0.37526538795627801 0.92691741196399158 
2 1.3953470740198197e-16 -1.7905659287359673e-16 1 0 -0 1 2.4500000000000002
1 -0.66561951571369138 -2.0485662255345951 0.070465359876929715 -0.99751422699499126 
1 -1.0363657439939569 -2.4897672558325277 0.64333182523476407 0.76558746243659648 
2 1.3953470740198197e-16 -1.7905659287359673e-16 1 0 -0 1 2.4500000000000002
1 -1.2660835555854626 -1.742614515713689 -0.24123230858820471 -0.9704673993974271 
1 -1.7550227881810569 -2.0476547454356568 0.84842446110287772 0.52931647792439995 
2 1.3953470740198197e-16 -1.7905659287359673e-16 1 0 -0 1 2.4500000000000002
1 -1.7426145157136903 -1.2660835555854606 -0.52931647792439995 -0.84842446110287772 
1 -2.3018859738982091 -1.4051035217060253 0.9704673993974271 0.24123230858820471 
2 1.3953470740198197e-16 -1.7905659287359673e-16 1 0 -0 1 2.4500000000000002
1 -2.048566225534596 -0.66561951571368871 -0.76558746243659648 -0.64333182523476407 
1 -2.6234245223075585 -0.62501097533990913 0.99751422699499126 -0.070465359876929715 
2 1.3953470740198197e-16 -1.7905659287359673e-16 1 0 -0 1 2.4500000000000002
1 -2.1539899999999967 3.237764492951383e-15 -0.9269174119639918 -0.37526538795627773 
1 -2.6881639999999969 0.21626200000000334 0.92691741196399169 -0.3752653879562779 
2 1.3953470740198197e-16 -1.7905659287359673e-16 1 0 -0 1 2.4500000000000002
1 -2.0485662255345951 0.6656195157136966 -0.99751422699499137 -0.070465359876928757 
1 -2.4897672558325277 1.0363657439939629 0.76558746243659581 -0.64333182523476484 
2 1.3953470740198197e-16 -1.7905659287359673e-16 1 0 -0 1 2.4500000000000002
1 -1.7426145157136885 1.2660835555854659 -0.9704673993974271 0.24123230858820471 
1 -2.0476547454356568 1.7550227881810603 0.52931647792439995 -0.84842446110287772 
2 1.3953470740198197e-16 -1.7905659287359673e-16 1 0 -0 1 2.4500000000000002
1 -1.2660835555854602 1.7426145157136936 -0.84842446110287772 0.52931647792439995 
1 -1.4051035217060248 2.3018859738982123 0.24123230858820471 -0.9704673993974271 
2 1.3953470740198197e-16 -1.7905659287359673e-16 1 0 -0 1 2.4500000000000002
1 -0.66561951571368838 2.0485662255345991 -0.64333182523476407 0.76558746243659648 
1 -0.62501097533990879 2.6234245223075616 -0.070465359876929715 -0.99751422699499126 
2 1.3953470740198197e-16 -1.7905659287359673e-16 1 0 -0 1 2.4500000000000002
1 3.5317090266186571e-15 2.1539899999999998 -0.37526538795627773 0.9269174119639918 
1 0.21626200000000362 2.688164 -0.3752653879562779 -0.92691741196399169 
2 1.3953470740198197e-16 -1.7905659287359673e-16 1 0 -0 1 2.4500000000000002
1 0.66561951571369471 2.0485662255345982 -0.070465359876929715 0.99751422699499126 
1 1.0363657439939606 2.4897672558325308 -0.64333182523476407 -0.76558746243659648 
2 1.3953470740198197e-16 -1.7905659287359673e-16 1 0 -0 1 2.4500000000000002
1 1.2660835555854664 1.7426145157136916 0.24123230858820471 0.9704673993974271 
1 1.7550227881810607 2.0476547454356604 -0.84842446110287772 -0.52931647792439995 
2 1.3953470740198197e-16 -1.7905659287359673e-16 1 0 -0 1 2.4500000000000002
1 1.7426145157136941 1.2660835555854633 0.52931647792439995 0.84842446110287772 
1 2.3018859738982123 1.4051035217060279 -0.9704673993974271 -0.24123230858820471 
2 1.3953470740198197e-16 -1.7905659287359673e-16 1 0 -0 1 2.4500000000000002
1 2.0485662255345991 0.66561951571369138 0.76558746243659648 0.64333182523476407 
1 2.6234245223075616 0.62501097533991179 -0.99751422699499126 0.070465359876929715 
2 1.3953470740198197e-16 -1.7905659287359673e-16 1 0 -0 1 2.4500000000000002
1 2.1539899999999998 -1.7905659287359673e-16 0.92691741196399169 0.37526538795627778 
2 1.3953470740198197e-16 -1.7905659287359673e-16 1 0 -0 1 1.0349999999999999
2 1.3953470740198197e-16 -1.7905659287359673e-16 1 0 -0 1 1.0349999999999999
7 0 0  7 20 4  0.71873310793973033 0.71871717986609973  0.64974727053414505 0.80688407116633498  0.56880425932976486 0.88682077247832347  0.47724944794952556 0.95658647066987801  0.37675716888157557 1.0146393781923944  0.26921929833354558 1.0597839840757632  0.15668834983687335 1.0911865294899878  -0.034320971772852378 1.1197968271875971  -0.11124184975197537 1.1250500225694682  -0.18877978061497461 1.1241040905768216  -0.26632881456751312 1.1169254747594821  -0.34329038591276911 1.1035521461682616  -0.41907854905341768 1.0840910453086794  -0.61358494378411677 1.0174513624005299  -0.72949007122413168 0.96052635033997857  -0.83834208173780189 0.88871197569494775  -0.93795200608108054 0.80325539418624681  -1.0264346832693556 0.70572019572567779  -1.1022044908472131 0.5979702680318173  -1.1640886888972255 0.48218082145343699 
 0 8 0.3670607018903973 6 0.6080134028835712 6 1 8
7 0 0  7 20 4  -1.1640883770077755 -0.48218143711229489  -1.1022044014965686 -0.5979699417795995  -1.0264349943327504 -0.70571897862517297  -0.93795289288345784 -0.80325338851617845  -0.83834372663727064 -0.88870935448571919  -0.72949264765726785 -0.96052336609127931  -0.61358857360655639 -1.0174483340237914  -0.4190839335308581 -1.0840884421030377  -0.34329645466846326 -1.1035498224534193  -0.26633555746411974 -1.1169235445682133  -0.18878716613670768 -1.1241026591077803  -0.11124983141490448 -1.12504916598831  -0.034329496062318547 -1.1197965839985242  0.15667861530989755 -1.0911879149852184  0.2692089778541043 -1.0597864384047966  0.37674635564358055 -1.0146428872541324  0.47723821747088752 -0.95659098386904629  0.56879280550445888 -0.88682639903068616  0.64973598732741578 -0.80689113503342758  0.71872245520198852 -0.71872585957655477 
 0 8 0.39198661900593396 6 0.63293929566467499 6 1 8
7 0 0  5 10 3  -1.1640886814873712 0.48218078858397112  -1.2019583026136418 0.39075429494081376  -1.2308535532674396 0.29560593995709833  -1.2502837352278384 0.19792224695186661  -1.2599991356892855 0.098958819814586707  -1.2599991000107784 -0.09895953182068451  -1.2502836671046909 -0.19792295533139476  -1.2308534521197585 -0.29560664362928446  -1.2019581165155901 -0.39075498057721159  -1.1640883845883923 -0.48218142771559264 
 0 6 0.50000000435963932 4 1 6
Curves 65
1 2.688164 -0.21626200000000001 0 -0.92691741196399169 0.37526538795627778 0 
2 0 0 0 0 0 1 1 0 -0 -0 1 0 2.4500000000000002
1 2.1539899999999998 0 0 0.92691741196399169 0.37526538795627778 0 
1 2.688164 -0.21626200000000001 0 -0.92691741196399169 0.37526538795627778 0 
2 0 0 0 0 0 1 1 0 -0 -0 1 0 2.4500000000000002
1 2.1539899999999998 0 0 0.92691741196399169 0.37526538795627778 0 
1 2.688164 -0.21626200000000001 0 -0.92691741196399169 0.37526538795627778 0 
2 0 0 0 0 0 1 1 0 -0 -0 1 0 2.4500000000000002
1 2.1539899999999998 0 0 0.92691741196399169 0.37526538795627778 0 
1 2.688164 -0.21626200000000001 0 -0.92691741196399169 0.37526538795627778 0 
2 0 0 0 0 0 1 1 0 -0 -0 1 0 2.4500000000000002
1 2.1539899999999998 0 0 0.92691741196399169 0.37526538795627778 0 
1 2.688164 -0.21626200000000001 0 -0.92691741196399169 0.37526538795627778 0 
2 0 0 0 0 0 1 1 0 -0 -0 1 0 2.4500000000000002
1 2.1539899999999998 0 0 0.92691741196399169 0.37526538795627778 0 
1 2.688164 -0.21626200000000001 0 -0.92691741196399169 0.37526538795627778 0 
2 0 0 0 0 0 1 1 0 -0 -0 1 0 2.4500000000000002
1 2.1539899999999998 0 0 0.92691741196399169 0.37526538795627778 0 
1 2.688164 -0.21626200000000001 0 -0.92691741196399169 0.37526538795627778 0 
2 0 0 0 0 0 1 1 0 -0 -0 1 0 2.4500000000000002
1 2.1539899999999998 0 0 0.92691741196399169 0.37526538795627778 0 
1 2.688164 -0.21626200000000001 0 -0.92691741196399169 0.37526538795627778 0 
2 0 0 0 0 0 1 1 0 -0 -0 1 0 2.4500000000000002
1 2.1539899999999998 0 0 0.92691741196399169 0.37526538795627778 0 
1 2.688164 -0.21626200000000001 0 -0.92691741196399169 0.37526538795627778 0 
2 0 0 0 0 0 1 1 0 -0 -0 1 0 2.4500000000000002
1 2.1539899999999998 0 0 0.92691741196399169 0.37526538795627778 0 
1 2.688164 -0.21626200000000001 0 -0.92691741196399169 0.37526538795627778 0 
2 0 0 0 0 0 1 1 0 -0 -0 1 0 2.4500000000000002
1 2.1539899999999998 0 0 0.92691741196399169 0.37526538795627778 0 
1 2.688164 -0.21626200000000001 0 -0.92691741196399169 0.37526538795627778 0 
2 0 0 0 0 0 1 1 0 -0 -0 1 0 2.4500000000000002
1 2.1539899999999998 0 0 0.92691741196399169 0.37526538795627778 0 
1 2.688164 -0.21626200000000001 0 -0.92691741196399169 0.37526538795627778 0 
2 0 0 0 0 0 1 1 0 -0 -0 1 0 2.4500000000000002
1 2.1539899999999998 0 0 0.92691741196399169 0.37526538795627778 0 
1 2.688164 -0.21626200000000001 0 -0.92691741196399169 0.37526538795627778 0 
2 0 0 0 0 0 1 1 0 -0 -0 1 0 2.4500000000000002
1 2.1539899999999998 0 0 0.92691741196399169 0.37526538795627778 0 
1 2.688164 -0.21626200000000001 0 -0.92691741196399169 0.37526538795627778 0 
2 0 0 0 0 0 1 1 0 -0 -0 1 0 2.4500000000000002
1 2.1539899999999998 0 0 0.92691741196399169 0.37526538795627778 0 
1 2.688164 -0.21626200000000001 0 -0.92691741196399169 0.37526538795627778 0 
2 0 0 0 0 0 1 1 0 -0 -0 1 0 2.4500000000000002
1 2.1539899999999998 0 0 0.92691741196399169 0.37526538795627778 0 
1 2.688164 -0.21626200000000001 0 -0.92691741196399169 0.37526538795627778 0 
2 0 0 0 0 0 1 1 0 -0 -0 1 0 2.4500000000000002
1 2.1539899999999998 0 0 0.92691741196399169 0.37526538795627778 0 
1 2.688164 -0.21626200000000001 0 -0.92691741196399169 0.37526538795627778 0 
2 0 0 0 0 0 1 1 0 -0 -0 1 0 2.4500000000000002
1 2.1539899999999998 0 0 0.92691741196399169 0.37526538795627778 0 
1 2.688164 -0.21626200000000001 0 -0.92691741196399169 0.37526538795627778 0 
2 0 0 0 0 0 1 1 0 -0 -0 1 0 2.4500000000000002
1 2.1539899999999998 0 0 0.92691741196399169 0.37526538795627778 0 
1 2.688164 -0.21626200000000001 0 -0.92691741196399169 0.37526538795627778 0 
2 0 0 0 0 0 1 1 0 -0 -0 1 0 2.4500000000000002
1 2.1539899999999998 0 0 0.92691741196399169 0.37526538795627778 0 
1 2.688164 -0.21626200000000001 0 -0.92691741196399169 0.37526538795627778 0 
2 0 0 0 0 0 1 1 0 -0 -0 1 0 2.4500000000000002
1 2.1539899999999998 0 0 0.92691741196399169 0.37526538795627778 0 
2 0 0 0 0 0 1 1 0 -0 -0 1 0 1.0349999999999999
2 0 0 0 0 0 1 1 0 -0 -0 1 0 1.0349999999999999
7 0 0  7 20 4  0.71873310793973022 0.71871717986609995 14.199999999999999  0.64974727053414494 0.8068840711663352 14.199999999999999  0.56880425932976475 0.88682077247832369 14.199999999999999  0.4772494479495254 0.95658647066987823 14.199999999999999  0.3767571688815754 1.0146393781923946 14.199999999999999  0.26921929833354541 1.0597839840757635 14.199999999999999  0.15668834983687321 1.0911865294899881 14.199999999999999  -0.034320971772852517 1.1197968271875973 14.199999999999999  -0.11124184975197551 1.1250500225694684 14.199999999999999  -0.18877978061497475 1.1241040905768218 14.199999999999999  -0.26632881456751328 1.1169254747594823 14.199999999999999  -0.34329038591276928 1.1035521461682618 14.199999999999999  -0.41907854905341785 1.0840910453086796 14.199999999999999  -0.61358494378411688 1.0174513624005301 14.199999999999999  -0.72949007122413179 0.9605263503399788 14.199999999999999  -0.838342081737802 0.88871197569494798 14.199999999999999  -0.93795200608108065 0.80325539418624703 14.199999999999999  -1.0264346832693558 0.70572019572567801 14.199999999999999  -1.1022044908472133 0.59797026803181752 14.199999999999999  -1.1640886888972257 0.48218082145343716 14.199999999999999 
 0 8 0.3670607018903973 6 0.6080134028835712 6 1 8
7 0 0  7 20 4  -1.1640883770077757 -0.48218143711229472 14.199999999999999  -1.1022044014965688 -0.59796994177959928 14.199999999999999  -1.0264349943327506 -0.70571897862517274 14.199999999999999  -0.93795289288345796 -0.80325338851617822 14.199999999999999  -0.83834372663727075 -0.88870935448571897 14.199999999999999  -0.72949264765726796 -0.96052336609127908 14.199999999999999  -0.6135885736065565 -1.0174483340237912 14.199999999999999  -0.41908393353085827 -1.0840884421030375 14.199999999999999  -0.34329645466846342 -1.103549822453419 14.199999999999999  -0.26633555746411991 -1.1169235445682131 14.199999999999999  -0.18878716613670782 -1.1241026591077801 14.199999999999999  -0.11124983141490462 -1.1250491659883097 14.199999999999999  -0.034329496062318686 -1.119796583998524 14.199999999999999  0.15667861530989741 -1.0911879149852182 14.199999999999999  0.26920897785410414 -1.0597864384047964 14.199999999999999  0.37674635564358039 -1.0146428872541322 14.199999999999999  0.47723821747088735 -0.95659098386904606 14.199999999999999  0.56879280550445876 -0.88682639903068594 14.199999999999999  0.64973598732741566 -0.80689113503342735 14.199999999999999  0.71872245520198841 -0.71872585957655455 14.199999999999999 
 0 8 0.39198661900593396 6 0.63293929566467499 6 1 8
7 0 0  5 10 3  -1.1640886814873714 0.48218078858397129 14.199999999999999  -1.201958302613642 0.39075429494081393 14.199999999999999  -1.2308535532674398 0.2956059399570985 14.199999999999999  -1.2502837352278386 0.19792224695186678 14.199999999999999  -1.2599991356892857 0.098958819814586887 14.199999999999999  -1.2599991000107786 -0.098959531820684329 14.199999999999999  -1.2502836671046911 -0.19792295533139459 14.199999999999999  -1.2308534521197587 -0.29560664362928429 14.199999999999999  -1.2019581165155904 -0.39075498057721142 14.199999999999999  -1.1640883845883925 -0.48218142771559247 14.199999999999999 
 0 6 0.50000000435963932 4 1 6
Polygon3D 0
PolygonOnTriangulations 0
Surfaces 1
1 -1.3953470740198197e-16 1.7905659287359673e-16 0 0 0 1 1 0 -0 -0 1 0 
Triangulations 0

TShapes 135
Ve
1.00000108890313e-07
2.44712401725566 -0.118676215689443 14.2
0 0

0101101
*
Ve
1e-07
2.15399 0 14.2
0 0

0101101
*
Ed
 1e-07 1 1 0
1  1 0 0.260044724193546 0.576290824948654
2  1 1 19 0.260044724193546 0.576290824948654
0

0101000
+135 20 -134 20 *
Ve
1.00000052535139e-07
2.36402621026954 -0.64333512041435 14.2
0 0

0101101
*
Ed
 1e-07 1 1 0
1  2 0 6.01748427624564 6.23472707275457
2  2 1 24 6.01748427624564 6.23472707275457
0

0101000
+132 25 -135 25 *
Ve
1e-07
2.0485662255346 -0.665619515713693 14.2
0 0

0101101
*
Ed
 1e-07 1 1 0
1  3 0 0 0.31624610075514
2  3 1 29 0 0.31624610075514
0

0101000
+130 30 -132 30 *
Ve
1.00000061736786e-07
2.29068027531722 -0.869070696935833 14.2
0 0

0101101
*
Ed
 1e-07 1 1 0
1  4 0 0.260044724193518 0.576290824948654
2  4 1 29 0.260044724193518 0.576290824948654
0

0101000
+128 30 -130 30 *
Ve
1.00000061608876e-07
2.04952104668309 -1.34237233255269 14.2
0 0

0101101
*
Ed
 1e-07 1 1 0
1  5 0 5.70332501088666 5.92056780739558
2  5 1 24 5.70332501088666 5.92056780739558
0

0101000
+126 25 -128 25 *
Ve
1e-07
1.74261451571369 -1.26608355558546 14.2
0 0

0101101
*
Ed
 1e-07 1 1 0
1  6 0 0 0.316246100755136
2  6 1 33 0 0.316246100755136
0

0101000
+124 34 -126 34 *
Ve
1.00000028865799e-07
1.91000878792276 -1.53439448319453 14.2
0 0

0101101
*
Ed
 1e-07 1 1 0
1  7 0 0.260044724193499 0.576290824948654
2  7 1 33 0.260044724193499 0.576290824948654
0

0101000
+122 34 -124 34 *
Ve
1.00000029687621e-07
1.53439448319453 -1.91000878792276 14.2
0 0

0101101
*
Ed
 1e-07 1 1 0
1  8 0 5.38916574552769 5.60640854203658
2  8 1 24 5.38916574552769 5.60640854203658
0

0101000
+120 25 -122 25 *
Ve
1e-07
1.26608355558546 -1.74261451571369 14.2
0 0

0101101
*
Ed
 1e-07 1 1 0
1  9 0 0 0.316246100755155
2  9 1 37 0 0.316246100755155
0

0101000
+118 38 -120 38 *
Ve
1.0000006136953e-07
1.34237233255269 -2.04952104668309 14.2
0 0

0101101
*
Ed
 1e-07 1 1 0
1  10 0 0.260044724193516 0.576290824948654
2  10 1 37 0.260044724193516 0.576290824948654
0

0101000
+116 38 -118 38 *
Ve
1.00000006720289e-07
0.8690706969359 -2.29068027531722 14.2
0 0

0101101
*
Ed
 1e-07 1 1 0
1  11 0 5.07500648016873 5.29224927667762
2  11 1 24 5.07500648016873 5.29224927667762
0

0101000
+114 25 -116 25 *
Ve
1e-07
0.665619515713692 -2.0485662255346 14.2
0 0

0101101
*
Ed
 1e-07 1 1 0
1  12 0 0 0.316246100755177
2  12 1 41 0 0.316246100755177
0

0101000
+112 42 -114 42 *
Ve
1.00000022454244e-07
0.643335120414323 -2.36402621026956 14.2
0 0

0101101
*
Ed
 1e-07 1 1 0
1  13 0 0.260044724193494 0.576290824948654
2  13 1 41 0.260044724193494 0.576290824948654
0

0101000
+110 42 -112 42 *
Ve
1.00000108357043e-07
0.118676215689443 -2.44712401725566 14.2
0 0

0101101
*
Ed
 1e-07 1 1 0
1  14 0 4.7608472148097 4.97809001131862
2  14 1 24 4.7608472148097 4.97809001131862
0

0101000
+108 25 -110 25 *
Ve
1e-07
-4.78281858562468e-16 -2.15399 14.2
0 0

0101101
*
Ed
 1e-07 1 1 0
1  15 0 0 0.316246100755111
2  15 1 45 0 0.316246100755111
0

0101000
+106 46 -108 46 *
Ve
1.00000108478732e-07
-0.118676215689444 -2.44712401725566 14.2
0 0

0101101
*
Ed
 1e-07 1 1 0
1  16 0 0.260044724193543 0.576290824948654
2  16 1 45 0.260044724193543 0.576290824948654
0

0101000
+104 46 -106 46 *
Ve
1.00000021372875e-07
-0.643335120414322 -2.36402621026956 14.2
0 0

0101101
*
Ed
 1e-07 1 1 0
1  17 0 4.44668794945076 4.66393074595968
2  17 1 24 4.44668794945076 4.66393074595968
0

0101000
+102 25 -104 25 *
Ve
1e-07
-0.665619515713692 -2.04856622553459 14.2
0 0

0101101
*
Ed
 1e-07 1 1 0
1  18 0 0 0.316246100755161
2  18 1 49 0 0.316246100755161
0

0101000
+100 50 -102 50 *
Ve
1.00000008761622e-07
-0.869070696935903 -2.29068027531722 14.2
0 0

0101101
*
Ed
 1e-07 1 1 0
1  19 0 0.260044724193476 0.576290824948654
2  19 1 49 0.260044724193476 0.576290824948654
0

0101000
+98 50 -100 50 *
Ve
1.00000061414503e-07
-1.34237233255269 -2.04952104668309 14.2
0 0

0101101
*
Ed
 1e-07 1 1 0
1  20 0 4.13252868409176 4.34977148060065
2  20 1 24 4.13252868409176 4.34977148060065
0

0101000
+96 25 -98 25 *
Ve
1e-07
-1.26608355558546 -1.74261451571369 14.2
0 0

0101101
*
Ed
 1e-07 1 1 0
1  21 0 0 0.316246100755139
2  21 1 53 0 0.316246100755139
0

0101000
+94 54 -96 54 *
Ve
1.0000002544325e-07
-1.53439448319453 -1.91000878792275 14.2
0 0

0101101
*
Ed
 1e-07 1 1 0
1  22 0 0.260044724193496 0.576290824948654
2  22 1 53 0.260044724193496 0.576290824948654
0

0101000
+92 54 -94 54 *
Ve
1.00000027875222e-07
-1.91000878792276 -1.53439448319453 14.2
0 0

0101101
*
Ed
 1e-07 1 1 0
1  23 0 3.8183694187328 4.03561221524169
2  23 1 24 3.8183694187328 4.03561221524169
0

0101000
+90 25 -92 25 *
Ve
1e-07
-1.74261451571369 -1.26608355558546 14.2
0 0

0101101
*
Ed
 1e-07 1 1 0
1  24 0 0 0.316246100755159
2  24 1 57 0 0.316246100755159
0

0101000
+88 58 -90 58 *
Ve
1.00000058963609e-07
-2.0495210466831 -1.34237233255269 14.2
0 0

0101101
*
Ed
 1e-07 1 1 0
1  25 0 0.260044724193516 0.576290824948654
2  25 1 57 0.260044724193516 0.576290824948654
0

0101000
+86 58 -88 58 *
Ve
1.00000002487246e-07
-2.29068027531722 -0.869070696935895 14.2
0 0

0101101
*
Ed
 1e-07 1 1 0
1  26 0 3.50421015337383 3.72145294988272
2  26 1 24 3.50421015337383 3.72145294988272
0

0101000
+84 25 -86 25 *
Ve
1e-07
-2.0485662255346 -0.665619515713689 14.2
0 0

0101101
*
Ed
 1e-07 1 1 0
1  27 0 0 0.316246100755176
2  27 1 61 0 0.316246100755176
0

0101000
+82 62 -84 62 *
Ve
1.00000017674876e-07
-2.36402621026956 -0.643335120414318 14.2
0 0

0101101
*
Ed
 1e-07 1 1 0
1  28 0 0.260044724193492 0.576290824948654
2  28 1 61 0.260044724193492 0.576290824948654
0

0101000
+80 62 -82 62 *
Ve
1.00000110399668e-07
-2.44712401725566 -0.118676215689441 14.2
0 0

0101101
*
Ed
 1e-07 1 1 0
1  29 0 3.19005088801481 3.40729368452372
2  29 1 24 3.19005088801481 3.40729368452372
0

0101000
+78 25 -80 25 *
Ve
1e-07
-2.15399 3.41682108582498e-15 14.2
0 0

0101101
*
Ed
 1e-07 1 1 0
1  30 0 0 0.316246100755112
2  30 1 65 0 0.316246100755112
0

0101000
+76 66 -78 66 *
Ve
1.00000104396483e-07
-2.44712401725566 0.118676215689448 14.2
0 0

0101101
*
Ed
 1e-07 1 1 0
1  31 0 0.260044724193542 0.576290824948654
2  31 1 65 0.260044724193542 0.576290824948654
0

0101000
+74 66 -76 66 *
Ve
1.00000023687071e-07
-2.36402621026956 0.643335120414325 14.2
0 0

0101101
*
Ed
 1e-07 1 1 0
1  32 0 2.87589162265586 3.09313441916478
2  32 1 24 2.87589162265586 3.09313441916478
0

0101000
+72 25 -74 25 *
Ve
1e-07
-2.04856622553459 0.665619515713696 14.2
0 0

0101101
*
Ed
 1e-07 1 1 0
1  33 0 0 0.316246100755161
2  33 1 69 0 0.316246100755161
0

0101000
+70 70 -72 70 *
Ve
1.00000006811379e-07
-2.29068027531721 0.869070696935901 14.2
0 0

0101101
*
Ed
 1e-07 1 1 0
1  34 0 0.26004472419348 0.576290824948654
2  34 1 69 0.26004472419348 0.576290824948654
0

0101000
+68 70 -70 70 *
Ve
1.00000065129888e-07
-2.04952104668309 1.3423723325527 14.2
0 0

0101101
*
Ed
 1e-07 1 1 0
1  35 0 2.56173235729686 2.77897515380576
2  35 1 24 2.56173235729686 2.77897515380576
0

0101000
+66 25 -68 25 *
Ve
1e-07
-1.74261451571369 1.26608355558547 14.2
0 0

0101101
*
Ed
 1e-07 1 1 0
1  36 0 0 0.316246100755137
2  36 1 73 0 0.316246100755137
0

0101000
+64 74 -66 74 *
Ve
1.00000027109455e-07
-1.91000878792275 1.53439448319453 14.2
0 0

0101101
*
Ed
 1e-07 1 1 0
1  37 0 0.2600447241935 0.576290824948654
2  37 1 73 0.2600447241935 0.576290824948654
0

0101000
+62 74 -64 74 *
Ve
1.000000306164e-07
-1.53439448319453 1.91000878792276 14.2
0 0

0101101
*
Ed
 1e-07 1 1 0
1  38 0 2.2475730919379 2.46481588844679
2  38 1 24 2.2475730919379 2.46481588844679
0

0101000
+60 25 -62 25 *
Ve
1e-07
-1.26608355558546 1.74261451571369 14.2
0 0

0101101
*
Ed
 1e-07 1 1 0
1  39 0 0 0.316246100755156
2  39 1 77 0 0.316246100755156
0

0101000
+58 78 -60 78 *
Ve
1.00000057712806e-07
-1.34237233255269 2.0495210466831 14.2
0 0

0101101
*
Ed
 1e-07 1 1 0
1  40 0 0.260044724193517 0.576290824948654
2  40 1 77 0.260044724193517 0.576290824948654
0

0101000
+56 78 -58 78 *
Ve
1.00000003127001e-07
-0.869070696935894 2.29068027531722 14.2
0 0

0101101
*
Ed
 1e-07 1 1 0
1  41 0 1.93341382657893 2.15065662308782
2  41 1 24 1.93341382657893 2.15065662308782
0

0101000
+54 25 -56 25 *
Ve
1e-07
-0.665619515713689 2.0485662255346 14.2
0 0

0101101
*
Ed
 1e-07 1 1 0
1  42 0 0 0.316246100755173
2  42 1 81 0 0.316246100755173
0

0101000
+52 82 -54 82 *
Ve
1.00000018652077e-07
-0.643335120414319 2.36402621026956 14.2
0 0

0101101
*
Ed
 1e-07 1 1 0
1  43 0 0.260044724193496 0.576290824948654
2  43 1 81 0.260044724193496 0.576290824948654
0

0101000
+50 82 -52 82 *
Ve
1.00000111455568e-07
-0.11867621568944 2.44712401725566 14.2
0 0

0101101
*
Ed
 1e-07 1 1 0
1  44 0 1.61925456121991 1.83649735772883
2  44 1 24 1.61925456121991 1.83649735772883
0

0101000
+48 25 -50 25 *
Ve
1e-07
3.39217431921668e-15 2.15399 14.2
0 0

0101101
*
Ed
 1e-07 1 1 0
1  45 0 0 0.316246100755109
2  45 1 85 0 0.316246100755109
0

0101000
+46 86 -48 86 *
Ve
1.00000105931001e-07
0.118676215689447 2.44712401725566 14.2
0 0

0101101
*
Ed
 1e-07 1 1 0
1  46 0 0.260044724193546 0.576290824948654
2  46 1 85 0.260044724193546 0.576290824948654
0

0101000
+44 86 -46 86 *
Ve
1.00000024360479e-07
0.643335120414326 2.36402621026956 14.2
0 0

0101101
*
Ed
 1e-07 1 1 0
1  47 0 1.30509529586096 1.52233809236988
2  47 1 24 1.30509529586096 1.52233809236988
0

0101000
+42 25 -44 25 *
Ve
1e-07
0.665619515713696 2.0485662255346 14.2
0 0

0101101
*
Ed
 1e-07 1 1 0
1  48 0 0 0.316246100755158
2  48 1 89 0 0.316246100755158
0

0101000
+40 90 -42 90 *
Ve
1.00000005708749e-07
0.8690706969359 2.29068027531722 14.2
0 0

0101101
*
Ed
 1e-07 1 1 0
1  49 0 0.260044724193482 0.576290824948654
2  49 1 89 0.260044724193482 0.576290824948654
0

0101000
+38 90 -40 90 *
Ve
1.00000063729896e-07
1.34237233255269 2.04952104668309 14.2
0 0

0101101
*
Ed
 1e-07 1 1 0
1  50 0 0.990936030501968 1.20817882701086
2  50 1 24 0.990936030501968 1.20817882701086
0

0101000
+36 25 -38 25 *
Ve
1e-07
1.26608355558547 1.74261451571369 14.2
0 0

0101101
*
Ed
 1e-07 1 1 0
1  51 0 0 0.316246100755135
2  51 1 93 0 0.316246100755135
0

0101000
+34 94 -36 94 *
Ve
1.00000028409564e-07
1.53439448319453 1.91000878792276 14.2
0 0

0101101
*
Ed
 1e-07 1 1 0
1  52 0 0.260044724193502 0.576290824948654
2  52 1 93 0.260044724193502 0.576290824948654
0

0101000
+32 94 -34 94 *
Ve
1.00000027465401e-07
1.91000878792276 1.53439448319453 14.2
0 0

0101101
*
Ed
 1e-07 1 1 0
1  53 0 0.676776765143003 0.894019561651894
2  53 1 24 0.676776765143003 0.894019561651894
0

0101000
+30 25 -32 25 *
Ve
1e-07
1.74261451571369 1.26608355558546 14.2
0 0

0101101
*
Ed
 1e-07 1 1 0
1  54 0 0 0.316246100755155
2  54 1 97 0 0.316246100755155
0

0101000
+28 98 -30 98 *
Ve
1.00000060788335e-07
2.04952104668309 1.34237233255269 14.2
0 0

0101101
*
Ed
 1e-07 1 1 0
1  55 0 0.26004472419352 0.576290824948654
2  55 1 97 0.26004472419352 0.576290824948654
0

0101000
+26 98 -28 98 *
Ve
1.00000060520191e-07
2.29068027531722 0.869070696935834 14.2
0 0

0101101
*
Ed
 1e-07 1 1 0
1  56 0 0.362617499784011 0.579860296292927
2  56 1 24 0.362617499784011 0.579860296292927
0

0101000
+24 25 -26 25 *
Ve
1e-07
2.0485662255346 0.665619515713692 14.2
0 0

0101101
*
Ed
 1e-07 1 1 0
1  57 0 0 0.316246100755136
2  57 1 101 0 0.316246100755136
0

0101000
+22 102 -24 102 *
Ve
