<?xml version='1.0' encoding='utf-8'?>
<!-- FreeCAD DocumentObject -->
<Document SchemaVersion="4" FileVersion="2">
<Object name="Solid006">
  <Properties Count="11" TransientCount="1">
    <_Property name="_ElementMapVersion" type="App::PropertyString" status="234881024"/>
    <Property name="ColoredElements" type="App::PropertyLinkSubHidden" status="218103808">
      <LinkSub value="" count="0">
      </LinkSub>
    </Property>
    <Property name="ExpressionEngine" type="App::PropertyExpressionEngine" status="67108864">
      <ExpressionEngine count="0"></ExpressionEngine>
    </Property>
    <Property name="FixShape" type="App::PropertyEnumeration">
      <Integer value="0"/>
    </Property>
    <Property name="InvalidShape" type="App::PropertyBool" status="67108864">
      <Bool value="false"/>
    </Property>
    <Property name="Label" type="App::PropertyString" status="134217728">
      <String value="Cut-Extrude1[5]"/>
    </Property>
    <Property name="Label2" type="App::PropertyString" status="128">
      <String value=""/>
    </Property>
    <Property name="Placement" type="App::PropertyPlacement" status="8388608">
      <PropertyPlacement Px="0" Py="0" Pz="0" Q0="0" Q1="0" Q2="0" Q3="1" A="0" Ox="0" Oy="0" Oz="1"/>
    </Property>
    <Property name="Shape" type="Part::PropertyPartShape">
      <Part ElementMap="0.15.70200.4" brep="1">
<![CDATA[

CASCADE Topology V1, (c) Matra-Datavision
Locations 1
1
              1               0               0               0 
              0               1               0               0 
              0               0               1               0 
Curve2ds 8
1 6.2831853071795845 0.25000000000000311 -1 2.8271597168448602e-16 
1 -8.1534778928471496e-13 0.250000000000004 1 0 
1 3.1415926535905356 0.24999999999983924 0 -1 
1 1.5707963267943057 5.9396931817445875e-15 0 -1 
1 -5.1714188487039792e-13 -0.25000000000000377 1 0 
1 1.5707963267927507 -0.25000000000000144 0 -1 
1 -1.5520917884259688e-12 -0.25000000000000377 1 0 
1 3.1415926535932002 -3.8852254746757353e-13 0 1 
Curves 32
1 -2.2625187377930303 -10.8358825822732 -1.6999976448218801 -1.7484555314689698e-07 0.99999999999998379 4.3711409113595094e-08 
1 -2.2625197868660001 -4.8358827811639999 2.8500002622679999 7.6427455081609718e-15 -4.371140912995987e-08 0.99999999999999911 
2 -2.2625197431549999 -5.0858827702360001 2.6000002513410001 0.99999999999998479 1.7484555314689698e-07 1.5777218104420196e-30 1.7484555314689682e-07 -0.99999999999998379 -4.3711409129959314e-08 -7.6427455081580577e-15 4.3711409129958652e-08 -0.99999999999999911 0.25
1 -2.2625187377930001 -10.835882781159999 2.8500000000000001 1.7484555314689698e-07 -0.99999999999998379 -4.3711409129959294e-08 
1 -2.2625187552770001 -10.735882781160001 2.8500000043710001 7.6427455081609718e-15 -4.371140912995987e-08 0.99999999999999911 
1 -2.2625187377930001 -10.83588280301 3.3500000000000001 -1.7484555314689698e-07 0.99999999999998379 4.3711409129959294e-08 
2 -2.2625197431549999 -5.0858827702360001 2.6000002513410001 -0.99999999999998479 -1.7484555314689698e-07 -1.4024193870595796e-30 1.7484555314689682e-07 -0.99999999999998379 -4.3711409129959314e-08 7.6427455081580577e-15 -4.3711409129958652e-08 0.99999999999999911 0.75
1 -2.262519874289 -4.3358827811639999 2.850000284124 -7.6427455081609718e-15 4.371140912995987e-08 -0.99999999999999911 
1 -2.2625198742890298 -4.3358825822770397 -1.6999973606977299 0.99999999999998468 1.7484555203669695e-07 5.6261573768575879e-18 
1 -2.262519874289 -4.3358827702360001 2.600000284124 0.99999999999998468 1.7484555203669695e-07 -4.8529414116969282e-23 
1 -1.762519874289 -4.3358826828129997 2.600000284124 -7.6427455081609718e-15 4.371140912995987e-08 -0.99999999999999911 
1 -2.0125197431549999 -5.0858827593080003 3.3500002513410001 0.99999999999998468 1.7484555314689695e-07 -1.2620729892239795e-30 
2 -1.7625197431549999 -5.0858826828129997 2.6000002513410001 -0.99999999999998479 -1.7484555314689698e-07 -1.4024193870595796e-30 1.7484555314689682e-07 -0.99999999999998379 -4.3711409129959314e-08 7.6427455081580577e-15 -4.3711409129958652e-08 0.99999999999999911 0.75
1 -2.2625187552770001 -10.73588280301 3.3500000043710001 0.99999999999998468 1.7484555314689695e-07 -1.1102230246249796e-15 
1 -1.7625187377929998 -10.835882715589999 3.3500000000000001 -1.7484555314689698e-07 0.99999999999998379 4.3711409129959294e-08 
1 -2.162518737793 -10.835882769139999 2.9750000000000001 7.6427455081609718e-15 -4.371140912995987e-08 0.99999999999999911 
1 -2.162518737793 -10.835882781159999 3.25 -0.57735037013695145 0.57735014300595133 0.57735029442595143 
1 -2.2625187552770001 -10.735882781160001 2.8500000043710001 0.57735037013695434 -0.57735019347895433 0.57735024395295431 
1 -1.7625197431549999 -5.0858826937410004 2.8500002513410001 0.99999999999998468 1.7484555314689695e-07 -1.2620729892239795e-30 
1 -1.7625187377929998 -10.835882693739999 2.8500000000000001 1.7484555314689698e-07 -0.99999999999998379 -4.3711409129959294e-08 
1 -1.7625187552770001 -10.735882693740001 2.8500000043710001 -0.99999999999998468 -1.7484555314689695e-07 1.2620729892239795e-30 
2 -1.7625197431549999 -5.0858826828129997 2.6000002513410001 -0.99999999999998479 -1.7484555314689698e-07 -1.5777218104420196e-30 1.7484555314689682e-07 -0.99999999999998379 -4.3711409129959314e-08 7.6427455081580577e-15 -4.3711409129958652e-08 0.99999999999999911 0.25
1 -2.0125197868659996 -4.8358827265240008 2.6000002622680003 -0.99999999999998468 -1.7484555314689695e-07 1.2620729892239795e-30 
1 -1.7625197868660301 -4.8358824948540402 -1.69999738255343 -0.99999999999998468 -1.7484555314689695e-07 -5.6262059052643776e-18 
1 -1.7625197868660001 -4.8358826828130006 2.6000002622680003 7.6427455081609718e-15 -4.371140912995987e-08 0.99999999999999911 
1 -1.76251873779304 -10.8358824948475 -1.6999976448218801 1.7484555314689698e-07 -0.99999999999998379 -4.3711409113595094e-08 
1 -1.7625187552770001 -10.735882715590002 3.3500000043710001 -7.6427455081609718e-15 4.371140912995987e-08 -0.99999999999999911 
1 -2.1375187377930001 -10.835882776790001 3.25 0.99999999999998468 1.7484555370209695e-07 -5.5511148804789189e-16 
1 -1.8625187377929999 -10.835882728710001 3.25 0.57735016824228769 0.57735034490028769 0.57735029442628771 
1 -1.8625187377929999 -10.83588272215 3.1000000000000001 7.6427455081609718e-15 -4.371140912995987e-08 0.99999999999999911 
1 -2.0125187377930001 -10.835882741819999 2.9499999999999997 0.99999999999998468 1.7484555314689695e-07 -1.2620729892239795e-30 
1 -1.7625187552770001 -10.735882693740001 2.8500000043710001 -0.57735016824195129 -0.57735039537395139 0.57735024395295131 
Polygon3D 0
PolygonOnTriangulations 0
Surfaces 14
1 -2.2625187377930001 -10.835882781159999 2.8500000000000001 -0.99999999999998479 -1.7484555314689698e-07 1.2620729892239797e-30 -1.7484555314689698e-07 0.99999999999998479 -8.3523897190381095e-53 -1.2620729892239601e-30 -2.2066784991262453e-37 -1 
1 -1.29521370566234e-14 7.4309271750963805e-08 -1.6999971711702 7.6371192993915838e-15 -4.3711409113594359e-08 0.99999999999999911 -9.403954806578298e-38 -0.99999999999999911 -4.3711409113594359e-08 1 3.3382924614503243e-22 -7.6371192993915759e-15 
1 -1.7625197868660001 -4.8358826828130006 2.6000002622680003 1.7484555314689698e-07 -0.99999999999998379 -4.3711409129959294e-08 0 4.3711409129959969e-08 -0.99999999999999911 0.99999999999998479 1.7484555314689682e-07 7.6427455081581729e-15 
2 -2.0125197431549999 -5.0858827265239999 2.6000002513410001 -0.99999999999998479 -1.7484555314689698e-07 0 1.7484555314689682e-07 -0.99999999999998379 -4.3711409129959314e-08 7.6427455081580593e-15 -4.3711409129958652e-08 0.99999999999999911 0.25
1 -1.7625187377929998 -10.835882693739999 2.8500000000000001 -7.6427455081609844e-15 4.3711409129959962e-08 -0.99999999999999911 -1 4.2317796629602342e-37 7.6427455081609907e-15 3.3407517578338924e-22 0.99999999999999911 4.3711409129959962e-08 
1 -2.2125187465350002 -10.785882777879999 2.9750000021859999 -0.7071066575520365 -0.70710690482103644 -3.0908633811021621e-08 -0.70710690482103677 0.70710665755203683 -6.6174449004242214e-24 2.1855700743611373e-08 2.1855708386358336e-08 -0.99999999999999956 
1 -2.2625187377930001 -10.83588280301 3.3500000000000001 8.7529685327859816e-15 -4.3711409129959962e-08 0.99999999999999911 -0.99999999999998002 -2.0024448323690594e-07 1.5777218104420236e-30 2.0024448323690575e-07 -0.99999999999997913 -4.3711409129960842e-08 
2 -2.0125197431549999 -5.0858827265239999 2.6000002513410001 -0.99999999999998479 -1.7484555314689698e-07 1.4024193870595796e-30 1.7484555314689682e-07 -0.99999999999998379 -4.3711409129959314e-08 7.6427455081580609e-15 -4.3711409129958652e-08 0.99999999999999911 0.75
1 -2.262519874289 -4.3358827702360001 2.600000284124 -1.7484555203669698e-07 0.99999999999998379 4.3711409129959294e-08 0.24253573533291189 2.6469779601696886e-23 0.97014247257118058 0.97014247257116482 1.8022667492672665e-07 -0.24253573533290795 
1 -1.7625187377929998 -10.835882715589999 3.3500000000000001 0.99999999999998479 1.7484555314689698e-07 -1.2620729892239797e-30 -1.4012984643248168e-45 -7.218216114216207e-24 -1 -1.7484555314689698e-07 0.99999999999998479 -7.2182161142160968e-24 
1 -2.1375187465350001 -10.78588277897 3.3000000021860001 1.2363448247980693e-07 -0.70710681209504145 0.70710675027804148 -0.99999999999998479 -1.7484555425720807e-07 6.6174449004242226e-23 1.2363447167137731e-07 -0.70710675027803072 -0.70710681209505233 
1 -2.0125187377930001 -10.83588274838 3.1000000000000001 1.7484555314689698e-07 -0.99999999999998379 -4.3711409129959294e-08 0 4.3711409129959969e-08 -0.99999999999999911 0.99999999999998479 1.7484555314689682e-07 7.6427455081581729e-15 
1 -1.8875187465350001 -10.78588271778 2.9000000021859997 1.2363447088630692e-07 -0.70710675027804148 -0.70710681209504145 0 -0.70710681209504689 0.70710675027804692 -0.99999999999999245 -8.7422768930762293e-08 -8.7422776573474375e-08 
1 -1.8125187465349999 -10.785882718870001 3.2250000021859999 0.70710690482103644 -0.7071066575520365 -3.0908633811021621e-08 -3.3087224502121101e-23 4.3711416772719299e-08 -0.99999999999999911 0.70710665755203717 0.70710690482103578 3.0908644619499855e-08 
Triangulations 0

TShapes 82
Ve
1e-07
-2.262519786866 -4.83588258227682 -1.69999738255343
0 0

0101101
*
Ve
1e-07
-2.262519874289 -4.33588258227704 -1.69999736069773
0 0

0101101
*
Ed
 1e-07 1 1 0
1  1 0 5.99999999999648 6.49999999999627
4 C0 1 0 2 0
0

0101000
+82 0 -81 0 *
Ve
1e-07
-2.262519786866 -4.835882770236 2.600000262268
0 0

0101101
*
Ed
 1e-07 1 1 0
1  2 0 -4.54999764482143 -0.25
4 C0 1 0 3 0
0

0101000
+82 0 -79 0 *
Ve
1e-07
-2.262519743155 -5.085882781164 2.850000251341
0 0

0101101
*
Ed
 1e-07 1 1 0
1  3 0 3.14159265358638 4.71238898038528
2  1 4 0 3.14159265358638 4.71238898038528
4 C0 1 0 4 0
0

0101000
+79 0 -77 0 *
Ve
1e-07
-2.262518755277 -10.73588278116 2.850000004371
0 0

0101101
*
Ed
 1e-07 1 1 0
1  4 0 -5.74999999999609 -0.0999999999999995
4 C0 1 0 5 0
0

0101000
+77 0 -75 0 *
Ve
1e-07
-2.262518755277 -10.73588280301 3.350000004371
0 0

0101101
*
Ed
 1e-07 1 1 0
1  5 0 0 0.500000000000001
4 C0 1 0 6 0
0

0101000
+75 0 -73 0 *
Ve
1e-07
-2.262519743155 -5.085882803019 3.350000251341
0 0

0101101
*
Ed
 1e-07 1 1 0
1  6 0 0.100000000000001 5.74999999999109
4 C0 1 0 7 0
0

0101000
+73 0 -71 0 *
Ve
1e-07
-2.262519874289 -4.335882770236 2.600000284124
0 0

0101101
*
Ed
 1e-07 1 1 0
1  7 0 1.57079632679564 3.14159265358979
2  2 8 0 1.57079632679564 3.14159265358979
4 C0 1 0 8 0
0

0101000
+71 0 -69 0 *
Ed
 1e-07 1 1 0
1  8 0 0.25 4.54999764482173
4 C0 1 0 9 0
0

0101000
+69 0 -81 0 *
Wi

0101100
-80 0 +78 0 +76 0 +74 0 +72 0 +70 0 +68 0 +67 0 *
Fa
0  1e-07 1 0

0101000
+66 0 *
Ve
1.39876659132736e-07
-1.76251987428903 -4.33588249485404 -1.69999750057424
0 0

0101101
*
Ed
 1e-07 1 1 0
1  9 0 2.97539770599537e-14 0.500000000000007
4 C0 9 0 2 0
0

0101000
+81 0 -64 0 *
Ve
1e-07
-1.762519874289 -4.335882682813 2.600000284124
0 0

0101101
*
Ed
 1e-07 1 1 0
1  10 0 0 0.500000000000008
2  3 8 0 0 0.500000000000008
4 G1 9 0 8 0
0

0101000
+69 0 -62 0 *
Ed
 1e-07 1 1 0
1  11 0 0 4.29999778469824
4 C0 9 0 10 0
0

0101000
+62 0 -64 0 *
Wi

0101100
-63 0 -67 0 +61 0 +60 0 *
Fa
0  1e-07 9 0

0101000
+59 0 *
Ve
1e-07
-1.762519743155 -5.085882715597 3.350000251341
0 0

0101101
*
Ed
 1e-07 1 1 0
1  12 0 -0.250000000000004 0.250000000000004
2  4 8 0 -0.250000000000004 0.250000000000004
4 G1 8 0 7 0
0

0101000
+71 0 -57 0 *
Ed
 1e-07 1 1 0
1  13 0 1.57079632679431 3.14159265358979
2  5 8 0 1.57079632679431 3.14159265358979
4 C0 8 0 10 0
0

0101000
+57 0 -62 0 *
Wi

0101100
-61 0 -68 0 +56 0 +55 0 *
Fa
0  1e-07 8 0

0101000
+54 0 *
Ve
1e-07
-1.762518755277 -10.73588271559 3.350000004371
0 0

0101101
*
Ed
 1e-07 1 1 0
1  14 0 0 0.500000000000008
4 C0 7 0 11 0
0

0101000
+73 0 -52 0 *
Ed
 1e-07 1 1 0
1  15 0 0.0999999999999995 5.74999999999309
4 C0 7 0 10 0
0

0101000
+52 0 -57 0 *
Wi

0101100
-56 0 -70 0 +51 0 +50 0 *
Fa
0  1e-07 7 0

0101000
+49 0 *
Ve
1e-07
-2.162518737793 -10.83588276805 2.95
0 0

0101101
*
Ve
1e-07
-2.162518737793 -10.83588278116 3.25
0 0

0101101
*
Ed
 1e-07 1 1 0
1  16 0 -0.0250000000000004 0.275
4 C0 6 0 12 0
0

0101000
+47 0 -46 0 *
Ed
 1e-07 1 1 0
1  17 0 0 0.173205080759776
4 C0 6 0 11 0
0

0101000
+46 0 -73 0 *
Ed
 1e-07 1 1 0
1  18 0 0 0.173205080758621
4 C0 6 0 13 0
0

0101000
+75 0 -47 0 *
Wi

0101100
+45 0 +44 0 -72 0 +43 0 *
Fa
0  1e-07 6 0

0101000
+42 0 *
Ve
1e-07
-1.762519743155 -5.085882693741 2.850000251341
0 0

0101101
*
Ed
 1e-07 1 1 0
1  19 0 -0.500000000000008 0
2  6 4 0 -0.500000000000008 0
4 G1 5 0 4 0
0

0101000
+77 0 -40 0 *
Ve
1e-07
-1.762518755277 -10.73588269374 2.850000004371
0 0

0101101
*
Ed
 1e-07 1 1 0
1  20 0 -5.74999999999909 -0.0999999999999995
4 C0 5 0 10 0
0

0101000
+40 0 -38 0 *
Ed
 1e-07 1 1 0
1  21 0 0 0.500000000000008
4 C0 5 0 13 0
0

0101000
+38 0 -75 0 *
Wi

0101100
+39 0 +37 0 +36 0 -74 0 *
Fa
0  1e-07 5 0

0101000
+35 0 *
Ve
1e-07
-1.762519786866 -4.835882682813 2.600000262268
0 0

0101101
*
Ed
 1e-07 1 1 0
1  22 0 1.5707963267943 3.1415926535932
2  7 4 0 1.5707963267943 3.1415926535932
4 C0 4 0 10 0
0

0101000
+40 0 -33 0 *
Ed
 1e-07 1 1 0
1  23 0 -0.250000000000003 0.250000000000004
2  8 4 0 -0.250000000000003 0.250000000000004
4 G1 4 0 3 0
0

0101000
+33 0 -79 0 *
Wi

0101100
+39 0 +32 0 +31 0 +76 0 *
Fa
0  1e-07 4 0

0101000
+30 0 *
Ve
1e-07
-1.76251978686635 -4.8358825538645 -1.69999738255343
0 0

0101101
*
Ed
 1e-07 1 1 0
1  24 0 3.30283992152401e-13 0.499999999999978
4 C0 3 0 2 0
0

0101000
+28 0 -82 0 *
Ed
 1e-07 1 1 0
1  25 0 -4.29999764482143 0
4 C0 3 0 10 0
0

0101000
+28 0 -33 0 *
Wi

0101100
-27 0 +26 0 +31 0 -78 0 *
Fa
0  1e-07 3 0

0101000
+25 0 *
Ed
 1e-07 1 1 0
1  26 0 -6.49999999999356 -5.9999999409831
4 C0 10 0 2 0
0

0101000
+64 0 -28 0 *
Ed
 1e-07 1 1 0
1  27 0 0 0.500000000000001
4 C0 10 0 14 0
0

0101000
+52 0 -38 0 *
Wi

0101100
-23 0 -60 0 -55 0 -50 0 +22 0 -37 0 +32 0 -26 0 *
Fa
0  1e-07 10 0

0101000
+21 0 *
Ve
1e-07
-1.862518737793 -10.83588272871 3.25
0 0

0101101
*
Ed
 1e-07 1 1 0
1  28 0 -0.0250000000000003 0.275000000000004
4 C0 11 0 12 0
0

0101000
+46 0 -19 0 *
Ed
 1e-07 1 1 0
1  29 0 0 0.17320508076093
4 C0 11 0 14 0
0

0101000
+19 0 -52 0 *
Wi

0101100
-51 0 -44 0 +18 0 +17 0 *
Fa
0  1e-07 11 0

0101000
+16 0 *
Ve
1e-07
-1.862518737793 -10.83588271559 2.95
0 0

0101101
*
Ed
 1e-07 1 1 0
1  30 0 -0.15 0.15
4 C0 12 0 14 0
0

0101000
+14 0 -19 0 *
Ed
 1e-07 1 1 0
1  31 0 -0.150000000000002 0.150000000000002
4 C0 12 0 13 0
0

0101000
+47 0 -14 0 *
Wi

0101100
+13 0 -18 0 -45 0 +12 0 *
Fa
0  1e-07 12 0

0101000
+11 0 *
Ed
 1e-07 1 1 0
1  32 0 0 0.173205080754002
4 C0 13 0 14 0
0

0101000
+38 0 -14 0 *
Wi

0101100
-12 0 -43 0 -36 0 +9 0 *
Fa
0  1e-07 13 0

0101000
+8 0 *
Wi

0101100
-13 0 -9 0 -22 0 -17 0 *
Fa
0  1e-07 14 0

0101000
+6 0 *
Wi

0101100
+80 0 +63 0 +23 0 +27 0 *
Fa
0  1e-07 2 0

0101000
-4 0 *
Sh

0101100
+65 0 +58 0 +53 0 +48 0 +41 0 +34 0 -29 0 +24 0 +20 0 +15 0 
+10 0 +7 0 +5 0 -3 0 *
So

0100000
+2 0 *

+1 1 ]]>
      </Part>
      <ElementMap/>
    </Property>
    <Property name="TreeRank" type="App::PropertyInteger" status="2185">
      <Integer value="116"/>
    </Property>
    <Property name="ValidateShape" type="App::PropertyBool">
      <Bool value="false"/>
    </Property>
    <Property name="Visibility" type="App::PropertyBool" status="648">
      <Bool value="true"/>
    </Property>
  </Properties>
</Object>
</Document>
