<?xml version='1.0' encoding='utf-8'?>
<!-- FreeCAD DocumentObject -->
<Document SchemaVersion="4" FileVersion="2">
<Object name="Solid011">
  <Properties Count="11" TransientCount="1">
    <_Property name="_ElementMapVersion" type="App::PropertyString" status="234881024"/>
    <Property name="ColoredElements" type="App::PropertyLinkSubHidden" status="218103808">
      <LinkSub value="" count="0">
      </LinkSub>
    </Property>
    <Property name="ExpressionEngine" type="App::PropertyExpressionEngine" status="67108864">
      <ExpressionEngine count="0"></ExpressionEngine>
    </Property>
    <Property name="FixShape" type="App::PropertyEnumeration">
      <Integer value="0"/>
    </Property>
    <Property name="InvalidShape" type="App::PropertyBool" status="67108864">
      <Bool value="false"/>
    </Property>
    <Property name="Label" type="App::PropertyString" status="134217728">
      <String value="Cut-Extrude1[6]"/>
    </Property>
    <Property name="Label2" type="App::PropertyString" status="128">
      <String value=""/>
    </Property>
    <Property name="Placement" type="App::PropertyPlacement" status="8388608">
      <PropertyPlacement Px="0" Py="0" Pz="0" Q0="0" Q1="0" Q2="0" Q3="1" A="0" Ox="0" Oy="0" Oz="1"/>
    </Property>
    <Property name="Shape" type="Part::PropertyPartShape">
      <Part ElementMap="0.15.70200.4" brep="1">
<![CDATA[

CASCADE Topology V1, (c) Matra-Datavision
Locations 1
1
              1               0               0               0 
              0               1               0               0 
              0               0               1               0 
Curve2ds 8
1 6.2831853071795845 0.25000000000011369 -1 3.5339496460560753e-17 
1 -8.1534778928471496e-13 0.2500000000001138 1 0 
1 3.1415926535905356 0.24999999999994893 0 -1 
1 1.5707963267943057 -4.2743586448068527e-15 0 -1 
1 -5.1825210789502307e-13 -0.24999999999989386 1 0 
1 1.5707963267927507 -0.24999999999989192 0 -1 
1 -1.5556445021047693e-12 -0.24999999999989386 1 0 
1 3.1415926535932002 1.7208456881689926e-15 0 1 
Curves 32
1 -0.26251873779303497 -10.8358822325832 -1.6999976448218801 -1.7484555314689698e-07 0.99999999999998379 4.3711409113595094e-08 
1 -0.26251978686599997 -4.8358824314730002 2.8500002622679999 7.6427455081609718e-15 -4.371140912995987e-08 0.99999999999999911 
2 -0.26251974315499998 -5.0858824205449995 2.6000002513410001 0.99999999999998479 1.7484555314689698e-07 1.5777218104420196e-30 1.7484555314689682e-07 -0.99999999999998379 -4.3711409129959314e-08 -7.6427455081580577e-15 4.3711409129958652e-08 -0.99999999999999911 0.25
1 -0.262518737793 -10.835882431470001 2.8500000000000001 1.7484555314689698e-07 -0.99999999999998379 -4.3711409129959294e-08 
1 -0.262518755278 -10.735882431470001 2.8500000043710001 7.6427455081609718e-15 -4.371140912995987e-08 0.99999999999999911 
1 -0.262518737793 -10.83588245332 3.3500000000000001 -1.7484555314689698e-07 0.99999999999998379 4.3711409129959294e-08 
2 -0.26251974315499998 -5.0858824205449995 2.6000002513410001 -0.99999999999998479 -1.7484555314689698e-07 -1.4024193870595796e-30 1.7484555314689682e-07 -0.99999999999998379 -4.3711409129959314e-08 7.6427455081580577e-15 -4.3711409129958652e-08 0.99999999999999911 0.75
1 -0.26251987428899998 -4.3358824314730002 2.850000284124 -7.6427455081609718e-15 4.371140912995987e-08 -0.99999999999999911 
1 -0.26251987428903301 -4.33588223258604 -1.6999973606977299 0.99999999999998468 1.7484555203669695e-07 5.6261573768575879e-18 
1 -0.26251987428899998 -4.3358824205450004 2.600000284124 0.99999999999998468 1.7484555203669695e-07 -4.8529414116969282e-23 
1 0.237480125711 -4.335882333122 2.600000284124 -7.6427455081609718e-15 4.371140912995987e-08 -0.99999999999999911 
1 -0.012519743154880001 -5.0858824096169997 3.3500002513410001 0.99999999999998468 1.7484555314689695e-07 -1.2620729892239795e-30 
2 0.23748025684500002 -5.085882333122 2.6000002513410001 -0.99999999999998479 -1.7484555314689698e-07 -1.4024193870595796e-30 1.7484555314689682e-07 -0.99999999999998379 -4.3711409129959314e-08 7.6427455081580577e-15 -4.3711409129958652e-08 0.99999999999999911 0.75
1 -0.262518755278 -10.73588245332 3.3500000043710001 0.99999999999998468 1.7484555314689695e-07 -1.1102230246249796e-15 
1 0.237481262207 -10.8358823659 3.3500000000000001 -1.7484555314689698e-07 0.99999999999998379 4.3711409129959294e-08 
1 -0.16251873779300002 -10.83588241945 2.9750000000000001 7.6427455081609718e-15 -4.371140912995987e-08 0.99999999999999911 
1 -0.16251873779300002 -10.835882431470001 3.25 -0.57735037013695145 0.57735014300595133 0.57735029442595143 
1 -0.262518755278 -10.735882431470001 2.8500000043710001 0.57735037013695434 -0.57735019347895433 0.57735024395295431 
1 0.23748025684500002 -5.0858823440499998 2.8500002513410001 0.99999999999998468 1.7484555314689695e-07 -1.2620729892239795e-30 
1 0.237481262207 -10.835882344050001 2.8500000000000001 1.7484555314689698e-07 -0.99999999999998379 -4.3711409129959294e-08 
1 0.237481244722 -10.735882344050001 2.8500000043710001 -0.99999999999998468 -1.7484555314689695e-07 1.2620729892239795e-30 
2 0.23748025684500002 -5.085882333122 2.6000002513410001 -0.99999999999998479 -1.7484555314689698e-07 -1.5777218104420196e-30 1.7484555314689682e-07 -0.99999999999998379 -4.3711409129959314e-08 7.6427455081580577e-15 -4.3711409129958652e-08 0.99999999999999911 0.25
1 -0.012519786866280001 -4.8358823768330002 2.6000002622680003 -0.99999999999998468 -1.7484555314689695e-07 1.2620729892239795e-30 
1 0.237480213133967 -4.8358821451630405 -1.69999738255343 -0.99999999999998468 -1.7484555314689695e-07 -5.6262059052643776e-18 
1 0.237480213134 -4.835882333122 2.6000002622680003 7.6427455081609718e-15 -4.371140912995987e-08 0.99999999999999911 
1 0.237481262206961 -10.8358821451575 -1.6999976448218801 1.7484555314689698e-07 -0.99999999999998379 -4.3711409113595094e-08 
1 0.237481244722 -10.7358823659 3.3500000043710001 -7.6427455081609718e-15 4.371140912995987e-08 -0.99999999999999911 
1 -0.137518737793 -10.8358824271 3.25 0.99999999999998468 1.7484555370209695e-07 -5.5511148804789189e-16 
1 0.13748126220699999 -10.83588237901 3.25 0.57735016824228769 0.57735034490028769 0.57735029442628771 
1 0.13748126220699999 -10.83588237246 3.1000000000000001 7.6427455081609718e-15 -4.371140912995987e-08 0.99999999999999911 
1 -0.012518737792950001 -10.835882392129999 2.9499999999999997 0.99999999999998468 1.7484555314689695e-07 -1.2620729892239795e-30 
1 0.237481244722 -10.735882344050001 2.8500000043710001 -0.57735016824195129 -0.57735039537395139 0.57735024395295131 
Polygon3D 0
PolygonOnTriangulations 0
Surfaces 14
1 -0.262518737793 -10.835882431470001 2.8500000000000001 -0.99999999999998479 -1.7484555314689698e-07 1.2620729892239797e-30 -1.7484555314689698e-07 0.99999999999998479 -8.3523897190381095e-53 -1.2620729892239601e-30 -2.2066784991262453e-37 -1 
1 -1.29521370566234e-14 7.4309271750963805e-08 -1.6999971711702 7.6371192993915838e-15 -4.3711409113594359e-08 0.99999999999999911 -9.403954806578298e-38 -0.99999999999999911 -4.3711409113594359e-08 1 3.3382924614503243e-22 -7.6371192993915759e-15 
1 0.237480213134 -4.835882333122 2.6000002622680003 1.7484555314689698e-07 -0.99999999999998379 -4.3711409129959294e-08 0 4.3711409129959969e-08 -0.99999999999999911 0.99999999999998479 1.7484555314689682e-07 7.6427455081581729e-15 
2 -0.01251974315489 -5.0858823768329993 2.6000002513410001 -0.99999999999998479 -1.7484555314689698e-07 0 1.7484555314689682e-07 -0.99999999999998379 -4.3711409129959314e-08 7.6427455081580593e-15 -4.3711409129958652e-08 0.99999999999999911 0.25
1 0.237481262207 -10.835882344050001 2.8500000000000001 -7.6427455081609844e-15 4.3711409129959962e-08 -0.99999999999999911 -1 4.2317796629602342e-37 7.6427455081609907e-15 3.3407517578338924e-22 0.99999999999999911 4.3711409129959962e-08 
1 -0.212518746535 -10.78588242819 2.9750000021859999 -0.7071066575520365 -0.70710690482103644 -3.0908633811021621e-08 -0.70710690482103677 0.70710665755203683 -6.6174449004242214e-24 2.1855700743611373e-08 2.1855708386358336e-08 -0.99999999999999956 
1 -0.262518737793 -10.83588245332 3.3500000000000001 8.7529685327859816e-15 -4.3711409129959962e-08 0.99999999999999911 -0.99999999999998002 -2.0024448323690594e-07 1.5777218104420236e-30 2.0024448323690575e-07 -0.99999999999997913 -4.3711409129960842e-08 
2 -0.01251974315489 -5.0858823768329993 2.6000002513410001 -0.99999999999998479 -1.7484555314689698e-07 1.4024193870595796e-30 1.7484555314689682e-07 -0.99999999999998379 -4.3711409129959314e-08 7.6427455081580609e-15 -4.3711409129958652e-08 0.99999999999999911 0.75
1 -0.26251987428899998 -4.3358824205450004 2.600000284124 -1.7484555203669698e-07 0.99999999999998379 4.3711409129959294e-08 0.24253573533291189 2.6469779601696886e-23 0.97014247257118058 0.97014247257116482 1.8022667492672665e-07 -0.24253573533290795 
1 0.237481262207 -10.8358823659 3.3500000000000001 0.99999999999998479 1.7484555314689698e-07 -1.2620729892239797e-30 -1.4012984643248168e-45 -7.218216114216207e-24 -1 -1.7484555314689698e-07 0.99999999999998479 -7.2182161142160968e-24 
1 -0.13751874653499999 -10.785882429280001 3.3000000021860001 1.2363448247980693e-07 -0.70710681209504145 0.70710675027804148 -0.99999999999998479 -1.7484555425720807e-07 6.6174449004242226e-23 1.2363447167137731e-07 -0.70710675027803072 -0.70710681209505233 
1 -0.012518737792950001 -10.835882398680001 3.1000000000000001 1.7484555314689698e-07 -0.99999999999998379 -4.3711409129959294e-08 0 4.3711409129959969e-08 -0.99999999999999911 0.99999999999998479 1.7484555314689682e-07 7.6427455081581729e-15 
1 0.112481253465 -10.78588236809 2.9000000021859997 1.2363447088630692e-07 -0.70710675027804148 -0.70710681209504145 0 -0.70710681209504689 0.70710675027804692 -0.99999999999999245 -8.7422768930762293e-08 -8.7422776573474375e-08 
1 0.187481253465 -10.785882369179999 3.2250000021859999 0.70710690482103644 -0.7071066575520365 -3.0908633811021621e-08 -3.3087224502121101e-23 4.3711416772719299e-08 -0.99999999999999911 0.70710665755203717 0.70710690482103578 3.0908644619499855e-08 
Triangulations 0

TShapes 82
Ve
1e-07
-0.262519786866 -4.83588223258582 -1.69999738255343
0 0

0101101
*
Ve
1e-07
-0.262519874289 -4.33588223258604 -1.69999736069773
0 0

0101101
*
Ed
 1e-07 1 1 0
1  1 0 5.99999999999748 6.49999999999727
4 C0 1 0 2 0
0

0101000
+82 0 -81 0 *
Ve
1e-07
-0.262519786866 -4.835882420545 2.600000262268
0 0

0101101
*
Ed
 1e-07 1 1 0
1  2 0 -4.54999764482143 -0.25
4 C0 1 0 3 0
0

0101000
+82 0 -79 0 *
Ve
1e-07
-0.262519743155 -5.085882431473 2.850000251341
0 0

0101101
*
Ed
 1e-07 1 1 0
1  3 0 3.14159265358638 4.71238898038528
2  1 4 0 3.14159265358638 4.71238898038528
4 C0 1 0 4 0
0

0101000
+79 0 -77 0 *
Ve
1e-07
-0.262518755278 -10.73588243147 2.850000004371
0 0

0101101
*
Ed
 1e-07 1 1 0
1  4 0 -5.74999999999709 -0.100000000000001
4 C0 1 0 5 0
0

0101000
+77 0 -75 0 *
Ve
1e-07
-0.262518755278 -10.73588245332 3.350000004371
0 0

0101101
*
Ed
 1e-07 1 1 0
1  5 0 0 0.500000000000001
4 C0 1 0 6 0
0

0101000
+75 0 -73 0 *
Ve
1e-07
-0.262519743155 -5.085882453328 3.350000251341
0 0

0101101
*
Ed
 1e-07 1 1 0
1  6 0 0.100000000000001 5.74999999999209
4 C0 1 0 7 0
0

0101000
+73 0 -71 0 *
Ve
1e-07
-0.262519874289 -4.335882420545 2.600000284124
0 0

0101101
*
Ed
 1e-07 1 1 0
1  7 0 1.57079632679564 3.14159265358979
2  2 8 0 1.57079632679564 3.14159265358979
4 C0 1 0 8 0
0

0101000
+71 0 -69 0 *
Ed
 1e-07 1 1 0
1  8 0 0.25 4.54999764482173
4 C0 1 0 9 0
0

0101000
+69 0 -81 0 *
Wi

0101100
-80 0 +78 0 +76 0 +74 0 +72 0 +70 0 +68 0 +67 0 *
Fa
0  1e-07 1 0

0101000
+66 0 *
Ve
1.39876659132733e-07
0.237480125710967 -4.33588214516304 -1.69999750057424
0 0

0101101
*
Ed
 1e-07 1 1 0
1  9 0 3.30291349825979e-14 0.500000000000008
4 C0 9 0 2 0
0

0101000
+81 0 -64 0 *
Ve
1e-07
0.237480125711 -4.335882333122 2.600000284124
0 0

0101101
*
Ed
 1e-07 1 1 0
1  10 0 0 0.500000000000008
2  3 8 0 0 0.500000000000008
4 G1 9 0 8 0
0

0101000
+69 0 -62 0 *
Ed
 1e-07 1 1 0
1  11 0 0 4.29999778469824
4 C0 9 0 10 0
0

0101000
+62 0 -64 0 *
Wi

0101100
-63 0 -67 0 +61 0 +60 0 *
Fa
0  1e-07 9 0

0101000
+59 0 *
Ve
1e-07
0.237480256845 -5.085882365906 3.350000251341
0 0

0101101
*
Ed
 1e-07 1 1 0
1  12 0 -0.250000000000124 0.249999999999884
2  4 8 0 -0.250000000000124 0.249999999999884
4 G1 8 0 7 0
0

0101000
+71 0 -57 0 *
Ed
 1e-07 1 1 0
1  13 0 1.57079632679431 3.14159265358979
2  5 8 0 1.57079632679431 3.14159265358979
4 C0 8 0 10 0
0

0101000
+57 0 -62 0 *
Wi

0101100
-61 0 -68 0 +56 0 +55 0 *
Fa
0  1e-07 8 0

0101000
+54 0 *
Ve
1e-07
0.237481244722 -10.7358823659 3.350000004371
0 0

0101101
*
Ed
 1e-07 1 1 0
1  14 0 0 0.500000000000008
4 C0 7 0 11 0
0

0101000
+73 0 -52 0 *
Ed
 1e-07 1 1 0
1  15 0 0.100000000000001 5.74999999999409
4 C0 7 0 10 0
0

0101000
+52 0 -57 0 *
Wi

0101100
-56 0 -70 0 +51 0 +50 0 *
Fa
0  1e-07 7 0

0101000
+49 0 *
Ve
1e-07
-0.162518737793 -10.83588241835 2.95
0 0

0101101
*
Ve
1e-07
-0.162518737793 -10.83588243147 3.25
0 0

0101101
*
Ed
 1e-07 1 1 0
1  16 0 -0.0250000000000004 0.275
4 C0 6 0 12 0
0

0101000
+47 0 -46 0 *
Ed
 1e-07 1 1 0
1  17 0 0 0.173205080760354
4 C0 6 0 11 0
0

0101000
+46 0 -73 0 *
Ed
 1e-07 1 1 0
1  18 0 0 0.173205080753424
4 C0 6 0 13 0
0

0101000
+75 0 -47 0 *
Wi

0101100
+45 0 +44 0 -72 0 +43 0 *
Fa
0  1e-07 6 0

0101000
+42 0 *
Ve
1e-07
0.237480256845 -5.08588234405 2.850000251341
0 0

0101101
*
Ed
 1e-07 1 1 0
1  19 0 -0.500000000000008 0
2  6 4 0 -0.500000000000008 0
4 G1 5 0 4 0
0

0101000
+77 0 -40 0 *
Ve
1e-07
0.237481244722 -10.73588234405 2.850000004371
0 0

0101101
*
Ed
 1e-07 1 1 0
1  20 0 -5.75000000000009 -0.100000000000001
4 C0 5 0 10 0
0

0101000
+40 0 -38 0 *
Ed
 1e-07 1 1 0
1  21 0 0 0.500000000000008
4 C0 5 0 13 0
0

0101000
+38 0 -75 0 *
Wi

0101100
+39 0 +37 0 +36 0 -74 0 *
Fa
0  1e-07 5 0

0101000
+35 0 *
Ve
1e-07
0.237480213134 -4.835882333122 2.600000262268
0 0

0101101
*
Ed
 1e-07 1 1 0
1  22 0 1.57079632679431 3.1415926535932
2  7 4 0 1.57079632679431 3.1415926535932
4 C0 4 0 10 0
0

0101000
+40 0 -33 0 *
Ed
 1e-07 1 1 0
1  23 0 -0.250000000000284 0.249999999999724
2  8 4 0 -0.250000000000284 0.249999999999724
4 G1 4 0 3 0
0

0101000
+33 0 -79 0 *
Wi

0101100
+39 0 +32 0 +31 0 +76 0 *
Fa
0  1e-07 4 0

0101000
+30 0 *
Ve
1e-07
0.237480213133653 -4.8358822041735 -1.69999738255343
0 0

0101101
*
Ed
 1e-07 1 1 0
1  24 0 3.24316543395041e-13 0.499999999999975
4 C0 3 0 2 0
0

0101000
+28 0 -82 0 *
Ed
 1e-07 1 1 0
1  25 0 -4.29999764482143 0
4 C0 3 0 10 0
0

0101000
+28 0 -33 0 *
Wi

0101100
-27 0 +26 0 +31 0 -78 0 *
Fa
0  1e-07 3 0

0101000
+25 0 *
Ed
 1e-07 1 1 0
1  26 0 -6.49999999999456 -5.9999999409841
4 C0 10 0 2 0
0

0101000
+64 0 -28 0 *
Ed
 1e-07 1 1 0
1  27 0 0 0.500000000000001
4 C0 10 0 14 0
0

0101000
+52 0 -38 0 *
Wi

0101100
-23 0 -60 0 -55 0 -50 0 +22 0 -37 0 +32 0 -26 0 *
Fa
0  1e-07 10 0

0101000
+21 0 *
Ve
1e-07
0.137481262207 -10.83588237901 3.25
0 0

0101101
*
Ed
 1e-07 1 1 0
1  28 0 -0.0250000000000004 0.275000000000004
4 C0 11 0 12 0
0

0101000
+46 0 -19 0 *
Ed
 1e-07 1 1 0
1  29 0 0 0.17320508075458
4 C0 11 0 14 0
0

0101000
+19 0 -52 0 *
Wi

0101100
-51 0 -44 0 +18 0 +17 0 *
Fa
0  1e-07 11 0

0101000
+16 0 *
Ve
1e-07
0.137481262207 -10.8358823659 2.95
0 0

0101101
*
Ed
 1e-07 1 1 0
1  30 0 -0.15 0.15
4 C0 12 0 14 0
0

0101000
+14 0 -19 0 *
Ed
 1e-07 1 1 0
1  31 0 -0.150000000000052 0.149999999999952
4 C0 12 0 13 0
0

0101000
+47 0 -14 0 *
Wi

0101100
+13 0 -18 0 -45 0 +12 0 *
Fa
0  1e-07 12 0

0101000
+11 0 *
Ed
 1e-07 1 1 0
1  32 0 0 0.173205080753425
4 C0 13 0 14 0
0

0101000
+38 0 -14 0 *
Wi

0101100
-12 0 -43 0 -36 0 +9 0 *
Fa
0  1e-07 13 0

0101000
+8 0 *
Wi

0101100
-13 0 -9 0 -22 0 -17 0 *
Fa
0  1e-07 14 0

0101000
+6 0 *
Wi

0101100
+80 0 +63 0 +23 0 +27 0 *
Fa
0  1e-07 2 0

0101000
-4 0 *
Sh

0101100
+65 0 +58 0 +53 0 +48 0 +41 0 +34 0 -29 0 +24 0 +20 0 +15 0 
+10 0 +7 0 +5 0 -3 0 *
So

0100000
+2 0 *

+1 1 ]]>
      </Part>
      <ElementMap/>
    </Property>
    <Property name="TreeRank" type="App::PropertyInteger" status="2185">
      <Integer value="122"/>
    </Property>
    <Property name="ValidateShape" type="App::PropertyBool">
      <Bool value="false"/>
    </Property>
    <Property name="Visibility" type="App::PropertyBool" status="648">
      <Bool value="true"/>
    </Property>
  </Properties>
</Object>
</Document>
